# Andrew List Aug 26 2011 from jaspar_all_ids.xlsx
175811
179485
183847
174577
181337
174533
181357
42037
47763
36373
33208
40835
35509
39439
38451
32724
32723
42537
40830
38198
44505
31665
35266
31912
42664
42544
35341
39440
33692
32213
31807
33183
37322
42469
42191
41552
39406
32943
3885665
38254
39405
42495
37668
44540
39570
40164
40832
35047
37973
45285
45396
39962
41697
36240
36039
32567
38884
43383
40834
33240
31227
38995
33841
41032
47894
53446
40549
42110
41273
2768974
36239
40287
33859
40817
50392
42542
42541
31813
35184
39441
41747
34669
31802
33583
32758
45816
40605
44108
37364
31429
43769
40826
37788
36741
33239
43664
47285
43234
33059
37367
40833
32536
40297
37889
42547
33607
34908
35662
34881
42536
43656
2768981
48317
35147
37655
42034
32757
35942
31165
36372
31003
31470
31469
38752
31230
40828
40827
769355
417987
396029
405
672
1385
10664
1869
2002
2005
2099
2100
2130
54738
2353
3169
2296
2297
2295
2299
2300
2309
2551
2624
2625
3091
25988
3131
6927
6928
3172
3202
3642
3659
3660
3725
4149
4205
4654
7593
4773
4780
4782
4783
4790
4800
4807
4824
7376
7025
2908
4929
5080
5087
5324
5468
5914
5966
5970
5978
5989
6095
6239
861
6256
6663
6662
6667
6688
6689
6722
6736
6772
6886
6908
6929
7003
7020
3195
7157
7391
7421
7528
30832
100009232
11622
13496
214855
11863
17173
11908
100040260
70508
12029
20893
242705
13557
13591
13653
13661
13710
13711
13798
13813
26379
26380
15376
15223
230700
17425
14241
15220
14390
14460
14462
14464
14465
14531
83396
56809
15110
73389
15248
21405
15378
15400
54131
16364
27056
54139
16391
81703
16600
93691
16842
16871
16658
17135
17187
14013
17764
17863
17864
17869
18109
17878
18091
18095
12020
18291
23958
11819
23967
107587
18504
18506
18507
18609
22634
18999
19016
20204
19401
19726
71137
319758
20181
20375
20476
17127
20664
20666
20667
20668
20669
20670
20671
20672
20674
223227
214105
20677
20678
20680
20681
20684
30051
79401
20807
21674
20848
20997
21349
21374
21423
21414
21415
21416
21418
21419
21420
332937
81879
193736
72591
22724
22646
243833
20841
22666
432731
226442
52708
195522
68744
22764
22772
22773
665902
24208
24252
29467
29203
24388
54264
94188
